-7.80372024e-01
-1.37395811e+00
-8.14245284e-01
-2.09721828e+00
-7.70407975e-01
-1.97682357e+00
-1.33373237e+00
-2.57514644e+00
-1.25578427e+00
-3.29733825e+00
-8.41516256e-01
-2.86078525e+00
-5.70011377e-01
-2.13466859e+00
-7.22182691e-02
-2.63620710e+00
7.10940003e-01
-1.07094514e+00
4.96954083e-01
3.84183317e-01
2.59523439e+00
-1.22059977e+00
-1.10331726e+00
-1.63029420e+00
-5.68110406e-01
-6.47232473e-01
2.40319371e+00
-8.11926937e+00
-6.30075598e+00
-4.98257542e+00
-1.10404282e+01
-4.54921103e+00
-1.07587671e+01
-7.73122549e+00
-4.82964659e+00
-5.82873583e+00
-8.91696262e+00
-5.94180202e+00
-7.25470304e+00
-6.14602327e+00
-4.90511847e+00
-3.31066394e+00
-5.94380474e+00
-1.11294246e+00
-4.33170462e+00
-2.21284437e+00
-2.12210894e+00
-2.64657402e+00
-5.23082399e+00
-3.86791182e+00
-3.30991697e+00
-2.20613527e+00
-3.17927241e+00
-9.00335968e-01
-3.47919130e+00
-1.96035612e+00
-1.21635699e+00
-2.06262970e+00
-1.43360424e+00
-1.65599096e+00
-1.56956184e+00
-7.09325194e-01
-2.41833377e+00
-3.40423536e+00
6.14853859e-01
-9.23606217e-01
-4.21330571e-01
-1.89035642e+00
-5.38988769e-01
-1.81392694e+00
-6.47279739e-01
-1.96589196e+00
-2.35632992e+00
-3.13445759e+00
-2.82435417e+00
-3.63442516e+00
-4.38183022e+00
-4.81417370e+00
-3.69797015e+00
-3.79699612e+00
-4.46505547e+00
-3.72951293e+00
-4.07156706e+00
-4.81112766e+00
-5.25534487e+00
-7.13435411e+00
-7.14666510e+00
-6.76935625e+00
-5.08643627e+00
-7.03529739e+00
-5.58971548e+00
-8.65192890e+00
-9.12843609e+00
-7.74747992e+00
-1.11006155e+01
-5.23397923e+00
-1.24000454e+01
-8.38441277e+00
-9.98039150e+00
-9.19213295e+00
-1.03080654e+01
-8.48503590e+00
-1.04024038e+01
-8.00990105e+00
-8.48427582e+00
-6.30030298e+00
-6.94566870e+00
-9.07268333e+00
-6.89791679e+00
-7.45483541e+00
-1.05762672e+01
-7.37712240e+00
-1.05054836e+01
-3.77727580e+00
-4.23768473e+00
-2.84132361e+00
-4.47533703e+00
-3.98914242e+00
-3.23464417e+00
-3.76849699e+00
-3.19575787e+00
-2.07332420e+00
-1.59284413e+00
-2.68627501e+00
-1.17724001e+00
-1.00151908e+00
-2.24392128e+00
-1.93309689e+00
-1.01556826e+00
3.12314719e-01
-1.11716950e+00
-4.02806401e-01
-9.98587608e-01
1.76778451e-01
-9.30040896e-01
-1.69927806e-01
-2.38197494e+00
-1.28297031e+00
-2.44342303e+00
-8.83962572e-01
-5.82234812e+00
-4.09207392e+00
-6.10906792e+00
-4.02346230e+00
-6.68684101e+00
-5.55904961e+00
-6.88083935e+00
-6.90222883e+00
-8.79599857e+00
-1.11679087e+01
-9.98852062e+00
-9.21569157e+00
-9.80110168e+00
-9.92619324e+00
-1.08349695e+01
-7.84103012e+00
-1.05142202e+01
-1.29375706e+01
-1.00292559e+01
-9.62835312e+00
-9.29067707e+00
-1.18908052e+01
-1.33168869e+01
-1.29970112e+01
-1.11875019e+01
-1.20033159e+01
-1.13137131e+01
-1.25958471e+01
-8.22607994e+00
-8.59970188e+00
-5.40927839e+00
-1.02829361e+01
-6.53292894e+00
-8.22538185e+00
-9.33255768e+00
-7.03904533e+00
-6.72765350e+00
-4.36782646e+00
-3.17205572e+00
-2.62250781e+00
-2.04314780e+00
-1.86952567e+00
-5.02412200e-01
-2.15292835e+00
-1.31206810e+00
-1.18957663e+00
-2.18895125e+00
-1.90224862e+00
-1.49640369e+00
-1.34020114e+00
-2.44058299e+00
5.36250353e-01
1.09487522e+00
1.94442734e-01
1.09853077e+00
4.75491732e-01
5.11184633e-01
-4.73750260e-04
7.98376083e-01
3.36887389e-01
-2.80280918e-01
-6.89583600e-01
-4.68199015e-01
-1.48688328e+00
-3.36160803e+00
-4.96837282e+00
-4.48336267e+00
-6.39357471e+00
-5.63542175e+00
-5.71456003e+00
-5.85570669e+00
-7.41674662e+00
-7.33602571e+00
-8.36666393e+00
-9.90815544e+00
-9.49336433e+00
-8.44613457e+00
-9.57595348e+00
-9.95312977e+00
-1.23574781e+01
-1.25410576e+01
-1.22631636e+01
-1.45144625e+01
-8.50263596e+00
-1.44772806e+01
-7.67313623e+00
-1.30241661e+01
-8.44640160e+00
-1.27779074e+01
-9.12169743e+00
-1.12196178e+01
-5.40305948e+00
-1.14621792e+01
-6.53016043e+00
-1.12697926e+01
-1.22860489e+01
-1.21396379e+01
-1.10453968e+01
-1.56113672e+01
-1.05366411e+01
-1.40627890e+01
-7.31009436e+00
-7.53826189e+00
-6.58533096e+00
-7.87427330e+00
-7.43476677e+00
-6.05243635e+00
-5.83295822e+00
-4.78260088e+00
-3.73882747e+00
-2.55821705e+00
-3.60499239e+00
-2.52461720e+00
-1.27078354e+00
-3.31532788e+00
-1.88240182e+00
-7.02378452e-01
4.55813646e-01
2.89816447e-02
2.94198692e-01
2.46720672e-01
5.48898697e-01
1.23788998e-01
7.47021511e-02
4.31643575e-01
9.75302815e-01
1.09006512e+00
1.15910566e+00
2.12346435e+00
2.46480107e+00
2.08419752e+00
2.79632831e+00
3.88245535e+00
2.76653290e+00
3.49659634e+00
4.47171497e+00
5.68125725e+00
5.17608213e+00
6.02372599e+00
6.78509092e+00
5.36708355e+00
7.24041080e+00
4.12265015e+00
-3.44300342e+00
-2.16594076e+00
-5.60330772e+00
-7.25408506e+00
-5.75607300e+00
-7.10518408e+00
-9.67671204e+00
-4.81179953e+00
-5.67861795e+00
-3.80533862e+00
-5.66932106e+00
-3.27767849e+00
-5.44057989e+00
1.84321320e+00
-2.66003561e+00
-3.47387433e-01
1.68957329e+00
1.98570549e-01
-8.23619843e-01
2.21560478e+00
-2.26423669e+00
1.68915892e+00
-4.86293268e+00
-3.87006617e+00
-1.38741827e+00
-1.82339072e+00
-1.72796476e+00
-1.07771969e+00
-1.97739339e+00
-1.62912512e+00
-2.22208047e+00
-1.31949496e+00
-1.59419179e+00
-1.45233855e-01
-1.30054212e+00
3.77771378e-01
-1.33862913e+00
-5.57076884e-03
6.54562294e-01
2.85554200e-01
9.53451753e-01
6.30446434e-01
6.73810899e-01
6.04209960e-01
9.74339247e-01
2.66128731e+00
2.48418522e+00
2.55297756e+00
2.40676308e+00
6.66655016e+00
6.29334831e+00
8.35037041e+00
8.08928967e+00
8.11670589e+00
8.22506046e+00
8.67899895e+00
9.02610874e+00
8.31296635e+00
1.31243019e+01
1.26687040e+01
1.24514875e+01
1.18581495e+01
1.18033247e+01
9.83037758e+00
1.69728737e+01
1.95823860e+01
2.03623943e+01
2.24230022e+01
1.59268007e+01
2.23681679e+01
1.57971210e+01
1.37789631e+01
1.14967680e+01
1.65647049e+01
1.33004560e+01
1.45368481e+01
6.75082493e+00
1.04312220e+01
8.63710117e+00
7.38078499e+00
8.15212154e+00
9.91203213e+00
9.06175327e+00
9.64286995e+00
1.07904387e+01
1.16089849e+01
6.97586250e+00
6.04472780e+00
2.55337071e+00
4.73424387e+00
1.70243037e+00
4.79749799e-01
1.55619228e+00
6.61959171e-01
-6.11508250e-01
-3.82734627e-01
-1.79623961e-02
-5.65474987e-01
-7.51399696e-01
-6.28836751e-01
-1.74007940e+00
-1.26999259e+00
-4.56906743e-02
-1.03450918e+00
-9.06431198e-01
-9.85707283e-01
-1.76921278e-01
-8.84429634e-01
-2.22217083e-01
-1.98108673e+00
-2.09767962e+00
-2.49973536e+00
-1.77633047e+00
-8.23153019e+00
-7.27060366e+00
-8.33654404e+00
-7.32724094e+00
-8.40524960e+00
-7.70974207e+00
-8.94400883e+00
-7.06394672e+00
-8.79136753e+00
-9.01503086e+00
-9.17411423e+00
-8.73745632e+00
-9.20787239e+00
-1.02057686e+01
-1.02784548e+01
-5.59847927e+00
-6.88792086e+00
-6.98301983e+00
-2.76715970e+00
-5.77145767e+00
-2.59756398e+00
1.42230165e+00
-6.98182702e-01
1.78902125e+00
-2.58806443e+00
-4.66137975e-01
-7.15434909e-01
3.21578479e+00
-4.42914534e+00
3.62618417e-01
-6.48411608e+00
-2.46444392e+00
-4.90918159e+00
-3.45887876e+00
-7.95748425e+00
-4.01904917e+00
-5.07657576e+00
-3.38211608e+00
-3.93302560e+00
-5.03273773e+00
-4.63850021e+00
-5.54234838e+00
-3.54097128e+00
-4.24540854e+00
-3.29524374e+00
-2.45204139e+00
-2.93344021e+00
-2.63809180e+00
-2.25893593e+00
-2.14773917e+00
-3.32739735e+00
1.16627920e+00
-1.18044758e+00
-2.60878026e-01
-1.25294268e+00
-9.26469386e-01
-1.43405044e+00
-4.00094718e-01
-1.02803600e+00
-1.25660861e+00
-2.73384833e+00
-2.28535080e+00
-2.35759258e+00
-1.10560811e+00
-3.39170909e+00
-6.95333838e-01
-3.72730422e+00
-1.70360470e+00
-2.76016855e+00
-2.24400759e+00
-2.79145074e+00
-5.95714748e-01
-1.28608632e+00
-5.08142090e+00
-2.89085674e+00
-3.23260069e+00
-3.93770337e+00
-3.90100169e+00
-2.87096953e+00
-6.69987106e+00
-8.68424034e+00
-1.36527405e+01
-7.80852890e+00
-1.21855183e+01
-8.25797081e+00
-1.39732351e+01
-6.83274174e+00
-1.25231085e+01
-1.25897732e+01
-1.31899605e+01
-9.61812401e+00
-8.79802704e+00
-8.30849075e+00
-8.33468342e+00
-7.46672249e+00
-3.78127551e+00
-6.20349455e+00
-4.77966118e+00
-2.82615328e+00
-3.67378616e+00
-6.18565464e+00
-6.63753223e+00
-7.09245872e+00
-7.54584742e+00
-6.50874186e+00
-7.29499960e+00
-5.74236250e+00
-7.11372137e+00
-5.05036020e+00
-5.69132423e+00
-5.21625042e+00
-5.68154287e+00
-3.61887884e+00
-2.69244552e+00
-4.29735994e+00
-1.50788915e+00
-4.83823746e-01
1.73224673e-01
-1.53406039e-01
-1.66367567e+00
-8.81843328e-01
-9.04912651e-01
-5.36187947e-01
-2.80103564e+00
-5.01656485e+00
-6.35982466e+00
-5.52087307e+00
-6.12309170e+00
-8.30720329e+00
-8.36640358e+00
-8.97712708e+00
-8.54030418e+00
-8.21906853e+00
-9.29508209e+00
-9.11247540e+00
-9.11122990e+00
-1.12823782e+01
-1.31569376e+01
-1.40251951e+01
-1.18034906e+01
-1.30507908e+01
-1.31951208e+01
-1.26652031e+01
-1.24574966e+01
-1.60133266e+01
-1.49496422e+01
-1.58772202e+01
-1.32156143e+01
-1.41454163e+01
-1.43186464e+01
-1.53687696e+01
-1.75788097e+01
-1.76810188e+01
-1.73362732e+01
-1.63397942e+01
-1.54015274e+01
-1.02585821e+01
-1.38746023e+01
-8.53301525e+00
-1.60183315e+01
-1.19101562e+01
-1.16471100e+01
-1.38906469e+01
-1.11612625e+01
-9.21922970e+00
-6.13868427e+00
-5.85956001e+00
-2.69079661e+00
-3.19050741e+00
-1.47537446e+00
-9.77378666e-01
-2.41528964e+00
-1.98487878e+00
-3.00939727e+00
-3.07008648e+00
-1.89011347e+00
-2.55661893e+00
-1.79964972e+00
-2.72819543e+00
-1.84178722e+00
8.27023387e-02
-3.65734190e-01
-1.15719512e-01
-4.05217290e-01
-2.25144863e-01
-1.05603063e+00
-5.53636625e-02
-1.18397141e+00
-2.75734282e+00
-4.26579762e+00
-3.92926836e+00
-4.51816702e+00
-6.88161898e+00
-7.51965714e+00
-5.62170982e+00
-5.53130054e+00
-5.65020418e+00
-4.82350683e+00
-5.42507696e+00
-5.31670427e+00
-5.63496590e+00
-8.50721931e+00
-8.16918468e+00
-8.45564556e+00
-5.98047972e+00
-9.11831570e+00
-6.56168652e+00
-1.01091070e+01
-1.09162645e+01
-1.19808416e+01
-1.29555101e+01
-7.74626637e+00
-1.40496025e+01
-1.23222246e+01
-1.51412878e+01
-1.25751657e+01
-1.29047823e+01
-1.14740505e+01
-1.32497540e+01
-9.10179234e+00
-1.00770712e+01
-7.23259640e+00
-6.61267424e+00
-1.15256319e+01
-8.17437267e+00
-9.04633522e+00
-1.24728613e+01
-9.44766235e+00
-1.18183432e+01
-4.61856794e+00
-4.38017130e+00
-3.03732228e+00
-4.69402790e+00
-4.26217318e+00
-2.52277350e+00
-3.52187395e+00
-3.39451647e+00
-3.01110959e+00
-2.99785304e+00
-4.44816065e+00
-2.65464568e+00
-2.27671909e+00
-4.79446602e+00
-4.77711535e+00
-2.48040724e+00
-2.71669006e+00
-2.14718843e+00
-6.47418976e+00
-2.32094336e+00
-5.19167471e+00
-3.75144434e+00
-7.58718920e+00
-6.61483288e+00
-1.10107803e+01
-7.63234854e+00
-9.02903557e+00
-1.40013494e+01
-1.48779221e+01
-1.40463972e+01
-1.44600220e+01
-1.34151964e+01
-1.63640575e+01
-1.48957443e+01
-1.35699921e+01
-1.72931271e+01
-2.25625458e+01
-2.27280102e+01
-1.82549572e+01
-1.96726704e+01
-1.96041336e+01
-2.05716476e+01
-2.75433979e+01
-3.03277760e+01
-3.07993183e+01
-3.12125740e+01
-2.48316059e+01
-2.79320850e+01
-2.13637428e+01
-1.72277412e+01
-1.72039165e+01
-1.64433937e+01
-1.74231663e+01
-1.79555149e+01
-1.52830343e+01
-8.97887516e+00
-1.32976446e+01
-6.06458569e+00
-1.50307531e+01
-7.91331720e+00
-6.97457886e+00
-7.71899414e+00
-1.10330944e+01
-6.98051500e+00
-2.66865349e+00
-1.24527252e+00
-1.14993560e+00
2.58662462e-01
3.60046983e-01
4.60447931e+00
4.11968565e+00
2.56948471e+00
3.13129306e+00
5.27971792e+00
6.38461399e+00
5.75411606e+00
5.75209332e+00
4.08343315e+00
-3.97370517e-01
-2.91473687e-01
-3.89588058e-01
2.39772558e-01
3.03702682e-01
6.27074361e-01
2.61292338e-01
3.33135933e-01
3.34113330e-01
7.21850097e-01
1.10527480e+00
1.27779174e+00
1.14017439e+00
9.52005744e-01
-1.74149022e-01
1.21246658e-01
-1.23363519e+00
-7.21490860e-01
-1.36465323e+00
-7.96683133e-01
-2.08388877e+00
-1.90038896e+00
9.20822442e-01
-7.15466201e-01
-3.57161820e-01
9.96842086e-02
6.62821889e-01
3.37555051e-01
4.26340437e+00
3.72467899e+00
5.22919321e+00
3.10114479e+00
4.39847946e+00
2.37092662e+00
4.81172848e+00
-2.09280992e+00
-4.72521424e-01
-1.13293159e+00
6.97635353e-01
7.03492761e-01
-2.79944825e+00
-2.05006433e+00
-6.20962501e-01
-2.89334631e+00
-2.76631951e+00
-3.24919295e+00
-3.36943555e+00
-4.01278830e+00
-3.52843016e-01
-9.69181657e-01
-1.57013273e+00
-1.56443107e+00
-3.21135664e+00
-2.68780112e+00
-2.26519489e+00
-3.68848634e+00
-2.38966537e+00
-1.95074475e+00
-2.22227049e+00
-7.21439302e-01
-2.06686640e+00
-1.65043473e+00
-6.13776565e-01
-3.57132339e+00
-3.71025825e+00
7.08503127e-01
-5.62198043e-01
-2.79572252e-02
-2.89152443e-01
2.05893993e-01
-6.10211343e-02
-9.65752363e-01
5.12430131e-01
4.62506860e-01
-6.51597753e-02
-9.43813622e-01
-2.17040610e+00
-1.48884690e+00
-2.16885710e+00
-2.56125975e+00
-3.21700740e+00
-3.32415366e+00
-2.16753936e+00
-3.42709541e+00
-3.05772138e+00
-3.46398497e+00
-2.43241024e+00
-1.70737815e+00
-1.38955557e+00
-1.44595909e+00
-1.28669405e+00
7.55489707e-01
-7.31346786e-01
3.20847243e-01
-1.04134560e+00
-4.01460505e+00
-5.91420698e+00
-4.23810673e+00
-3.69494629e+00
-1.89925766e+00
1.00844657e+00
-7.77123943e-02
-2.96721554e+00
-2.79736710e+00
-2.79502678e+00
-8.58190656e-01
2.29631186e+00
1.10797954e+00
2.92092729e+00
-6.45260096e-01
-8.07528079e-01
-5.11267364e-01
-6.78275943e-01
-2.10469675e+00
-2.13710690e+00
-1.94110084e+00
-1.37684393e+00
-3.04456758e+00
-1.61311007e+00
-1.35621750e+00
-1.33747602e+00
-2.36674881e+00
-8.97023678e-01
-1.10254300e+00
-1.75600350e+00
-1.33396137e+00
-1.70842016e+00
-1.74022901e+00
-1.06078613e+00
-1.91762757e+00
-1.64776969e+00
-1.43091905e+00
-1.63033116e+00
-1.33876979e+00
-1.05187166e+00
-1.23614049e+00
-1.52811074e+00
-2.46121025e+00
-1.96936452e+00
-2.49041390e+00
-1.28811109e+00
-1.95396447e+00
-1.24903929e+00
-1.36858296e+00
-7.71843553e-01
-1.81114733e+00
-6.89131737e-01
7.25910664e-02
6.00526631e-01
6.71616733e-01
-1.00000536e+00
-4.33400214e-01
-4.70577568e-01
-5.79788148e-01
-1.49160171e+00
-2.65558696e+00
-8.87985647e-01
-1.93888044e+00
-1.99204135e+00
-3.84762025e+00
-4.46765518e+00
-4.95206070e+00
-1.08190346e+00
-7.46124506e-01
5.43520033e-01
-1.13949776e+00
-1.72785008e+00
1.58123922e+00
4.21680784e+00
2.56888962e+00
4.24297762e+00
8.45979452e-01
3.78931665e+00
-2.22826791e+00
-3.57530999e+00
-1.74715638e+00
-3.76810956e+00
-1.71530223e+00
-2.55577040e+00
-2.33971906e+00
-3.64781332e+00
-1.19573033e+00
-1.25987673e+00
-1.93898129e+00
-1.36025679e+00
-1.68583930e+00
-6.94694161e-01
-3.76449645e-01
7.03570321e-02
-2.62725413e-01
-1.02953291e+00
-3.61813903e-01
-8.69676769e-01
-1.28905880e+00
-1.76743412e+00
-8.13890457e-01
-1.42124832e+00
-1.11028910e+00
-1.15739036e+00
-1.39581335e+00
-1.80038834e+00
-2.33228779e+00
-2.28287101e+00
-3.80670953e+00
-2.34197855e+00
-3.41530204e+00
-2.84520674e+00
-3.30810547e+00
-2.41934657e+00
-4.03565216e+00
-4.50531626e+00
-4.63211918e+00
-4.35078669e+00
-3.90924621e+00
-2.52165055e+00
-3.17467046e+00
-2.47648621e+00
-1.61479807e+00
-1.33291185e+00
-3.15667415e+00
-3.17242503e+00
-3.09124207e+00
-3.48287821e+00
-4.14298487e+00
-4.95302057e+00
-6.18122625e+00
-6.70320845e+00
-4.03623533e+00
-8.93624115e+00
-1.03951120e+01
-8.12894630e+00
-6.90309668e+00
-9.08542252e+00
-6.67588615e+00
-9.99336529e+00
-3.02992988e+00
-7.32523584e+00
-1.61995515e-01
-6.44394517e-01
-1.58457863e+00
-2.02993679e+00
-1.36125827e+00
-1.21669149e+00
4.96769875e-01
-7.69438863e-01
6.58334494e-01
2.19812289e-01
-5.23503661e-01
7.37701356e-01
1.02651727e+00
4.65102464e-01
1.10142398e+00
6.41170979e-01
1.35448420e+00
-3.87465395e-02
1.37246895e+00
5.28242707e-01
-2.88813770e-01
2.99641192e-01
-6.76660419e-01
2.20024139e-01
-6.80736363e-01
2.19057471e-01
-1.08113088e-01
-4.06413376e-01
-1.74825931e+00
-5.90430498e-01
-1.17657804e+00
-5.04094720e-01
-1.60778332e+00
-1.32480398e-01
-8.20340991e-01
-1.07325232e+00
-2.07198167e+00
-2.87120891e+00
-1.36329222e+00
-5.55324197e-01
-1.19187009e+00
-1.75766957e+00
-7.86108494e-01
-1.04654753e+00
-4.86341178e-01
-2.09259629e+00
-3.79844975e+00
-4.92279142e-01
-1.90761149e+00
-1.69833982e+00
-4.74765211e-01
2.02772188e+00
2.05887169e-01
4.03521967e+00
1.04592252e+00
1.84916103e+00
3.64655638e+00
3.21587443e+00
1.79929948e+00
-3.80217403e-01
1.88819301e+00
2.20765996e+00
5.39461017e-01
1.24038327e+00
-1.37094080e+00
-8.09636712e-01
-1.00265360e+00
-1.66329324e+00
-1.69347346e-01
-9.73107964e-02
-9.97087598e-01
-5.64617574e-01
1.42531365e-01
-1.26502797e-01
6.41369283e-01
-7.32058644e-01
-1.20240939e+00
-2.55842537e-01
-8.90530169e-01
-1.14226902e+00
-9.96845901e-01
-2.60968924e+00
-1.10927641e+00
-1.56700444e+00
1.35379553e-01
-1.73405558e-01
4.91721898e-01
1.20236635e-01
1.21764198e-01
-7.00727627e-02
-8.71813521e-02
2.10913643e-02
4.80779588e-01
-7.30686307e-01
-2.77752131e-01
-1.81265891e+00
-3.29709291e-01
-1.43654621e+00
-8.99990499e-01
-2.01204062e+00
-1.10371614e+00
-1.07215357e+00
-1.93038428e+00
-2.29639268e+00
-2.61829185e+00
-1.12966800e+00
-1.75152230e+00
-1.01334584e+00
-2.23378253e+00
-2.33254552e+00
3.96849126e-01
-3.83589983e-01
-7.30927661e-02
7.36174464e-01
-1.72705710e+00
-6.55057764e+00
-2.45027852e+00
-3.77110100e+00
-1.08088195e+00
3.82123291e-01
-4.53408301e-01
-4.13504839e+00
-1.42026424e+00
-9.68761265e-01
-3.29914242e-01
1.27972054e+00
2.03942919e+00
1.85008216e+00
3.29463363e-01
-6.68291971e-02
3.69821012e-01
6.34354770e-01
-1.08751523e+00
-1.01113427e+00
1.24760896e-01
-2.00503975e-01
-1.46595716e+00
-9.38150436e-02
-4.20817196e-01
-1.42590952e+00
-1.39714396e+00
-7.59649754e-01
-2.04727694e-01
-5.45853600e-02
-5.70569336e-01
9.15551305e-01
-4.56882864e-01
-5.57958242e-03
-5.39587080e-01
-1.63395417e+00
-2.22365394e-01
-6.27462804e-01
-1.05592465e+00
-9.52331781e-01
-9.21768129e-01
-1.07214093e+00
-2.26667836e-01
-9.90557373e-01
-1.20203519e+00
-7.42055893e-01
-3.26577097e-01
-1.02074221e-01
8.14475119e-02
2.15408847e-01
4.38753098e-01
2.04868412e+00
5.93613863e-01
1.34833133e+00
1.17262793e+00
1.73963046e+00
1.79802847e+00
6.89090192e-01
9.55331326e-01
2.14579225e-01
8.99550855e-01
1.97316623e+00
8.17608297e-01
-7.56347775e-01
-1.40606916e+00
-2.39025116e+00
-1.01672554e+00
-3.03332782e+00
-3.09379768e+00
-6.33971119e+00
-5.52529907e+00
-4.39683151e+00
-4.15713596e+00
-4.43507576e+00
-4.13414812e+00
-4.96289778e+00
-2.63341117e+00
-3.07688498e+00
-1.48088884e+00
-2.05092859e+00
-1.52187526e+00
-2.44694352e+00
-1.83421361e+00
-2.05339879e-01
-3.45684975e-01
-6.97076082e-01
-4.49954629e-01
-4.34172899e-02
9.36367884e-02
-1.63223773e-01
-1.34097493e+00
-4.23608065e-01
-5.41840196e-01
2.49058291e-01
6.86166808e-03
4.15017843e-01
-6.83043063e-01
4.03340369e-01
-2.72527766e+00
-2.50628781e+00
-2.13682938e+00
-1.95292389e+00
-2.19609427e+00
-1.77394712e+00
-1.68981004e+00
-2.51990557e+00
-4.22094870e+00
-3.08301425e+00
-4.58060694e+00
-2.43410039e+00
-4.93511295e+00
-3.31409883e+00
-3.94691253e+00
-3.14170909e+00
-5.21431923e+00
-7.14126778e+00
-6.03689194e+00
-5.10343647e+00
-5.25419235e+00
-3.44213104e+00
-4.18171167e+00
-3.16389251e+00
-2.41395760e+00
-3.34437060e+00
-4.65814352e+00
-4.30284214e+00
-4.86895800e+00
-4.19801569e+00
-3.71026278e+00
-3.86644530e+00
-5.43973827e+00
-8.34364700e+00
-7.90212584e+00
-1.06273556e+01
-1.08620853e+01
-1.00156612e+01
-9.12511635e+00
-1.10407228e+01
-9.32881927e+00
-1.14628248e+01
-4.59084225e+00
-8.10150719e+00
2.59333760e-01
1.30439222e+00
5.78950226e-01
2.60297441e+00
9.73806560e-01
4.16625947e-01
2.67433405e-01
8.47942889e-01
-7.61979103e-01
-4.21977699e-01
-1.06948137e+00
-1.02260745e+00
-1.51697242e+00
-4.92869347e-01
-9.13320065e-01
-8.85544598e-01
-8.45631063e-01
-1.06033278e+00
-8.41041684e-01
-1.04403758e+00
-1.64454949e+00
-1.80288756e+00
-1.16841471e+00
-1.60708344e+00
-8.10765266e-01
-1.09346318e+00
-9.85127509e-01
-8.79497647e-01
-1.17746282e+00
-1.41848600e+00
-3.05615497e+00
-2.60135579e+00
-3.76687741e+00
-3.48266578e+00
-4.84836149e+00
-2.53208280e+00
-5.41394901e+00
-5.33794880e+00
-5.85587263e+00
-5.82826805e+00
-5.30478096e+00
-3.00804639e+00
-3.69096518e+00
-2.65439796e+00
-2.27236438e+00
-3.26337934e+00
-1.97843087e+00
-5.20234919e+00
-3.35005784e+00
-3.56790996e+00
-5.72911167e+00
-7.51897526e+00
-7.94181633e+00
-1.17012453e+01
-9.91489792e+00
-1.30210133e+01
-1.43718147e+01
-1.27217150e+01
-1.06101675e+01
-1.29192600e+01
-1.01297016e+01
-1.46651907e+01
-5.79064322e+00
-9.68297577e+00
5.76727927e-01
2.18380257e-01
-1.34863937e+00
-1.48444653e+00
-6.88955426e-01
-1.67366874e+00
2.47341339e-02
-1.62329102e+00
-2.62938523e+00
-2.53959131e+00
-1.42819953e+00
-1.04552710e+00
-2.02668476e+00
-5.99006355e-01
-9.91735816e-01
-4.49440122e-01
-1.14562321e+00
7.20642973e-03
-1.51502705e+00
4.60698634e-01
3.25218558e-01
7.23373592e-01
3.68675232e-01
2.92839736e-01
5.94122298e-02
1.94161907e-01
3.77846122e-01
-5.75172424e-01
-6.50900722e-01
-2.24365294e-02
4.58765715e-01
6.43581867e-01
-7.69012094e-01
4.95134115e-01
1.55980736e-01
1.41837537e+00
7.28838086e-01
-2.40205359e+00
-3.76670748e-01
-2.60544038e+00
-2.55078697e+00
-5.42219818e-01
-2.85640836e-01
2.81993568e-01
3.71425927e-01
2.62283593e-01
-2.15185142e+00
-3.88892746e+00
-1.90631163e+00
-3.23932409e+00
-4.25520992e+00
-4.67833948e+00
-7.06016159e+00
-5.84248209e+00
-2.86190915e+00
-4.30219316e+00
-6.60791874e+00
-4.97673416e+00
-3.96123052e+00
-5.77153444e+00
-4.37457037e+00
-6.76277208e+00
-3.97910976e+00
-5.51539373e+00
-6.44180357e-01
-4.84826595e-01
-2.44488955e+00
-2.66279483e+00
-2.69781423e+00
-1.63427567e+00
4.95322824e-01
-6.60895705e-01
-3.85584652e-01
-1.25194335e+00
-3.79362643e-01
-1.05245423e+00
-1.38758051e+00
-1.47501075e+00
-1.01590002e+00
-1.69118762e+00
-1.07684350e+00
-2.00147820e+00
-9.37786579e-01
-7.63871908e-01
-9.86464083e-01
-1.20183444e+00
-1.05062187e+00
-8.55522752e-01
-1.35662889e+00
-1.08909440e+00
-1.35068655e+00
-1.03939235e+00
-2.40372658e+00
-1.00676513e+00
-2.35585928e+00
-3.94771576e-01
-1.39861059e+00
-1.37114811e+00
-1.42802417e+00
-1.64318109e+00
-3.09211612e+00
-3.16357350e+00
-2.04534149e+00
-8.64331305e-01
-1.16141438e+00
-1.58976042e+00
-1.69993567e+00
-1.32406116e+00
-1.00507724e+00
-8.48342419e-01
-3.54941821e+00
-8.91544759e-01
-3.22973061e+00
-1.58657169e+00
-2.36184549e+00
1.13289392e+00
-1.31845307e+00
2.24897480e+00
-8.17008317e-01
-4.35980642e-03
-3.00341040e-01
8.41480494e-01
-8.69292796e-01
6.17572844e-01
-6.68112576e-01
1.41760850e+00
-1.15444994e+00
1.95651814e-01
-2.80786252e+00
-3.41091585e+00
-3.01790643e+00
-5.12642050e+00
-1.94759107e+00
-1.66217589e+00
-2.16083550e+00
-3.62504697e+00
-4.54786003e-01
-1.12937546e+00
1.17210843e-01
1.98693290e-01
-1.05502583e-01
1.03258856e-01
-1.63192093e-01
-1.23631775e-01
-1.07408710e-01
-1.21642971e+00
3.34311873e-01
-2.42415115e-01
-1.07251394e+00
-1.58900380e+00
-1.18767095e+00
-1.07572103e+00
-1.41439104e+00
-1.51449120e+00
-4.83726203e-01
1.32596552e+00
8.86538744e-01
2.17271829e+00
2.11613512e+00
2.65633392e+00
2.00488186e+00
1.98542011e+00
7.36168623e-01
-2.72611213e+00
-2.38830566e+00
-3.27140331e+00
-2.43223095e+00
-2.40464497e+00
-3.78071427e+00
-3.21039104e+00
-1.66692805e+00
-3.87799072e+00
-3.76796052e-02
-9.25868630e-01
-2.13279366e+00
-1.09995012e+01
-2.89414763e+00
-9.33368969e+00
-1.31488237e+01
-1.78181801e+01
-1.72044849e+01
-2.38719597e+01
-1.52712049e+01
-1.91807804e+01
-1.96167431e+01
-2.02270756e+01
-1.99768505e+01
-2.45039043e+01
-1.87536373e+01
-2.41221371e+01
-1.16254854e+01
-1.69049473e+01
-9.53415203e+00
-1.02729425e+01
-1.15571642e+01
-1.37935562e+01
-1.15861874e+01
-9.58863544e+00
-7.93011379e+00
-7.73242950e+00
-4.21874428e+00
-5.70439243e+00
5.37076175e-01
-6.48328722e-01
8.74537170e-01
-1.78012633e+00
-3.72158098e+00
-2.13743734e+00
-2.91854382e+00
-7.83517420e-01
-1.25943160e+00
-2.63832736e+00
1.48420084e+00
2.42611217e+00
1.25926399e+00
1.38907254e+00
1.86231315e+00
1.80662858e+00
1.79330647e+00
2.03857279e+00
2.42758703e+00
1.96411705e+00
3.80450964e+00
6.37367189e-01
2.30237889e+00
2.05885124e+00
2.26751542e+00
1.88808501e+00
3.56512380e+00
2.66976213e+00
2.15687442e+00
1.61685836e+00
1.46630025e+00
1.36772382e+00
9.93973434e-01
2.12911710e-01
-1.12847641e-01
2.75285721e-01
1.61173248e+00
2.31265950e+00
2.01173377e+00
3.27155542e+00
5.30976057e+00
4.34259033e+00
6.79797935e+00
4.58512354e+00
6.13260365e+00
5.49091148e+00
6.96276665e+00
6.88642597e+00
5.49192142e+00
6.65942001e+00
4.64432859e+00
4.36768913e+00
3.12469339e+00
2.20030689e+00
-4.11089092e-01
3.07478577e-01
1.27939582e+00
2.22956419e+00
7.59366453e-01
9.94790077e-01
2.88196176e-01
1.77024722e+00
-8.20824027e-01
1.10850525e+00
-2.19507247e-01
-8.56608927e-01
-9.65851128e-01
-1.57534540e-01
5.57940006e-01
-8.01648080e-01
-1.13957992e-03
-1.76282370e+00
-1.19681871e+00
-1.46946466e+00
